recall', 'true', average, warn_for)
             precision    recall  f1-score   support

       -0_a      0.000     0.000     0.000         0
       -0_m      0.750     0.375     0.500         8
      +10_n      0.000     0.000     0.000         1
      +12_n      0.000     0.000     0.000         0
       +1_R      0.000     0.000     0.000         0
       +1_a      0.661     0.603     0.631       282
       -1_a      0.822     0.792     0.806       221
       +1_b      0.658     0.455     0.538        55
       -1_b      0.767     0.754     0.760        61
       +1_c      0.500     0.400     0.444         5
       -1_c      0.000     0.000     0.000         5
       +1_d      0.422     0.322     0.365        59
       -1_d      0.711     0.409     0.519        66
       +1_f      0.807     0.622     0.702        74
       -1_f      0.786     0.478     0.595        23
       +1_h      0.000     0.000     0.000         0
       -1_h      0.000     0.000     0.000         0
       +1_k      0.900     0.750     0.818        12
       -1_k      0.667     1.000     0.800         2
       +1_m      0.723     0.635     0.676       148
       -1_m      0.898     0.891     0.894       256
       +1_n      0.694     0.817     0.751      3425
       -1_n      0.790     0.762     0.776      1168
       +1_o      0.000     0.000     0.000         0
       -1_o      0.000     0.000     0.000         1
       +1_p      0.717     0.518     0.601        83
       -1_p      0.500     0.204     0.290       103
       +1_q      0.811     0.822     0.817       349
       -1_q      0.730     0.730     0.730        37
       +1_r      0.776     0.726     0.750        62
       -1_r      0.931     0.857     0.893        63
       +1_s      0.676     0.697     0.687        33
       -1_s      0.750     1.000     0.857        15
       +1_t      0.891     0.788     0.836       146
       -1_t      0.952     0.894     0.922        66
       +1_u      1.000     0.200     0.333        20
       -1_u      0.000     0.000     0.000         3
       +1_v      0.666     0.817     0.733      3331
       -1_v      0.640     0.658     0.649      2396
       +1_x      1.000     0.333     0.500         3
       -1_x      0.000     0.000     0.000         0
       +1_y      0.000     0.000     0.000         0
       +1_z      0.333     0.500     0.400         2
       -1_z      0.875     0.636     0.737        11
       +2_a      0.000     0.000     0.000         6
       -2_a      0.800     0.364     0.500        11
       +2_b      0.000     0.000     0.000         2
       -2_b      0.000     0.000     0.000         1
       +2_c      0.000     0.000     0.000         1
       -2_c      0.000     0.000     0.000         0
       +2_d      0.000     0.000     0.000         8
       -2_d      0.000     0.000     0.000         2
       +2_f      0.000     0.000     0.000         3
       -2_f      0.000     0.000     0.000         1
       +2_m      0.514     0.514     0.514        37
       -2_m      0.906     0.865     0.885        89
       +2_n      0.317     0.138     0.193       723
       -2_n      0.280     0.052     0.087       135
       +2_p      0.000     0.000     0.000         0
       -2_p      0.000     0.000     0.000         9
       +2_q      0.000     0.000     0.000         1
       -2_q      0.000     0.000     0.000         2
       +2_r      0.000     0.000     0.000         1
       -2_r      0.000     0.000     0.000         3
       +2_s      0.000     0.000     0.000         0
       -2_s      0.000     0.000     0.000         0
       +2_t      0.667     0.606     0.635        33
       -2_t      1.000     0.920     0.958        25
       +2_u      0.000     0.000     0.000         1
       -2_u      0.000     0.000     0.000         0
       +2_v      0.462     0.180     0.259       445
       -2_v      0.324     0.209     0.254       445
       -2_z      0.000     0.000     0.000         0
       +3_a      0.000     0.000     0.000         0
       -3_a      1.000     0.500     0.667         2
       +3_b      0.000     0.000     0.000         0
       -3_b      0.000     0.000     0.000         0
       +3_c      0.000     0.000     0.000         0
       +3_d      0.000     0.000     0.000         2
       -3_d      0.000     0.000     0.000         0
       +3_f      0.000     0.000     0.000         0
       +3_m      0.429     0.167     0.240        18
       -3_m      0.696     0.800     0.744        20
       +3_n      0.234     0.056     0.091       195
       -3_n      0.000     0.000     0.000        31
       +3_p      0.000     0.000     0.000         0
       -3_p      0.000     0.000     0.000         1
       -3_q      0.000     0.000     0.000         0
       +3_s      0.000     0.000     0.000         0
       +3_t      0.375     0.300     0.333        10
       -3_t      1.000     0.714     0.833        14
       +3_u      0.000     0.000     0.000         0
       +3_v      0.100     0.011     0.021        87
       -3_v      0.146     0.054     0.078       112
       -4_b      0.000     0.000     0.000         0
       -4_d      0.000     0.000     0.000         0
       +4_m      1.000     0.600     0.750         5
       -4_m      0.500     0.200     0.286         5
       +4_n      0.400     0.027     0.051        74
       -4_n      0.000     0.000     0.000        12
       -4_p      0.000     0.000     0.000         1
       +4_t      0.000     0.000     0.000         2
       -4_t      0.000     0.000     0.000         0
       +4_v      0.000     0.000     0.000        20
       -4_v      0.000     0.000     0.000        33
       -5_d      0.000     0.000     0.000         0
       +5_m      0.333     0.250     0.286         4
       -5_m      0.000     0.000     0.000         2
       +5_n      0.000     0.000     0.000        28
       -5_n      0.000     0.000     0.000         8
       +5_t      0.000     0.000     0.000         0
       +5_v      0.000     0.000     0.000         8
       -5_v      0.000     0.000     0.000         4
       +6_m      0.000     0.000     0.000         1
       -6_m      0.000     0.000     0.000         0
       +6_n      0.000     0.000     0.000         6
       -6_n      0.000     0.000     0.000         3
       +6_v      0.000     0.000     0.000         2
       -6_v      0.000     0.000     0.000         2
       -7_m      0.000     0.000     0.000         0
       +7_n      0.000     0.000     0.000         6
       -7_n      0.000     0.000     0.000         0
       +7_v      0.000     0.000     0.000         0
       -7_v      0.000     0.000     0.000         0
       +8_n      0.000     0.000     0.000         3
       -8_n      0.000     0.000     0.000         0
       -8_v      0.000     0.000     0.000         0
       +9_n      0.000     0.000     0.000         0
     0_root      0.644     0.782     0.707      1997

avg / total      0.636     0.670     0.643     17297